prob log10.PO. qval alpha fst CHR SNP Pos
0.991 2.0417 0.0029434 1.6742 0.11814 SCAFFOLD-1 SSCAFFOLD-1_3049986 3049986
0.92799 1.1101 0.034736 1.5622 0.11151 SCAFFOLD-1 SSCAFFOLD-1_37827819 37827819
0.88378 0.88105 0.041544 1.4175 0.10061 SCAFFOLD-1 SSCAFFOLD-1_46733892 46733892
0.96119 1.3939 0.013403 1.6994 0.12553 SCAFFOLD-10 SSCAFFOLD-10_1596881 1596881
0.9994 3.2215 0.00046676 2.2924 0.19742 SCAFFOLD-10 SSCAFFOLD-10_1961165 1961165
0.95359 1.3128 0.017328 1.7245 0.12803 SCAFFOLD-10 SSCAFFOLD-10_23719279 23719279
0.90018 0.95511 0.039054 1.3274 0.090854 SCAFFOLD-10 SSCAFFOLD-10_24944974 24944974
0.976 1.6091 0.0094519 1.7465 0.12901 SCAFFOLD-12 SSCAFFOLD-12_8744129 8744129
0.983 1.762 0.0054455 1.6956 0.12433 SCAFFOLD-14 SSCAFFOLD-14_4422352 4422352
0.90078 0.95802 0.036959 1.3801 0.097635 SCAFFOLD-14 SSCAFFOLD-14_28801306 28801306
0.95679 1.3452 0.01539 1.4407 0.097813 SCAFFOLD-14 SSCAFFOLD-14_48430202 48430202
0.9886 1.938 0.0040008 1.6839 0.11975 SCAFFOLD-15 SSCAFFOLD-15_9821005 9821005
0.9994 3.2215 0.00046676 1.9163 0.14336 SCAFFOLD-15 SSCAFFOLD-15_18252723 18252723
0.9992 3.0965 0.00060012 1.7327 0.12331 SCAFFOLD-3 SSCAFFOLD-3_5305753 5305753
0.93379 1.1493 0.030494 1.5336 0.10918 SCAFFOLD-3 SSCAFFOLD-3_6814080 6814080
0.93419 1.1521 0.029006 1.3314 0.089286 SCAFFOLD-3 SSCAFFOLD-3_19131823 19131823
0.9992 3.0965 0.00060012 2.0524 0.1624 SCAFFOLD-3 SSCAFFOLD-3_23401487 23401487
0.85897 0.78467 0.049722 1.4107 0.10299 SCAFFOLD-4 SSCAFFOLD-4_1308276 1308276
0.86257 0.79772 0.046955 1.4227 0.10418 SCAFFOLD-4 SSCAFFOLD-4_1308297 1308297
0.93099 1.13 0.031976 1.4394 0.10012 SCAFFOLD-5 SSCAFFOLD-5_708706 708706
0.87578 0.84818 0.044128 1.5629 0.11995 SCAFFOLD-5 SSCAFFOLD-5_16330290 16330290
0.94779 1.259 0.027405 1.7664 0.13591 SCAFFOLD-6 SSCAFFOLD-6_21540566 21540566
0.95279 1.305 0.019086 1.7751 0.13657 SCAFFOLD-6 SSCAFFOLD-6_21540574 21540574
0.94819 1.2625 0.026278 1.7651 0.13523 SCAFFOLD-6 SSCAFFOLD-6_21540643 21540643
0.94819 1.2625 0.026278 1.4664 0.10111 SCAFFOLD-6 SSCAFFOLD-6_47645791 47645791
0.95099 1.2879 0.020749 1.4752 0.1012 SCAFFOLD-6 SSCAFFOLD-6_47645812 47645812
0.94979 1.2768 0.022299 1.4814 0.10214 SCAFFOLD-6 SSCAFFOLD-6_47645855 47645855
0.94919 1.2714 0.023725 1.4622 0.10053 SCAFFOLD-6 SSCAFFOLD-6_47645882 47645882
0.96459 1.4353 0.011448 1.4869 0.10176 SCAFFOLD-6 SSCAFFOLD-6_47645927 47645927
0.9914 2.0617 0.0019337 1.8504 0.13874 SCAFFOLD-7 SSCAFFOLD-7_20357579 20357579
0.9806 1.7036 0.0068414 1.7496 0.1294 SCAFFOLD-7 SSCAFFOLD-7_32320484 32320484
0.979 1.6685 0.0081289 1.7622 0.1311 SCAFFOLD-7 SSCAFFOLD-7_32320490 32320490
0.93079 1.1287 0.033355 1.7252 0.13278 SCAFFOLD-8 SSCAFFOLD-8_7336475 7336475
0.9998 3.6988 0.00020004 1.9153 0.14194 SCAFFOLD-8 SSCAFFOLD-8_7336592 7336592
